783419667515708209885824872750014154550933738496386250147745764610286482080291825373
670196670045035011474442331934240441688038012863284898469512310591866788053740949279
5307986471454553206627328664262264076869150556155409037066251203519697348782342525199174487
183633026731432452460597472702695427346408860654990368755500687622499045642321974709
83728018363549662507671055536731179718728206849642482524013298468176029698128246558273644227
2052015980001389615258633141027943907037663047162155225095951279021693238063586392443
57729260057662675693357170144878531347192551164313920341449243060227331518829953133730080331
30657461940412797213333908515611438288943123678747158334490587453924773452204729489
831075455055712353966654355295802280677520814741076689569
60069890935724588797808907527702426356210205142326370660937838360755848774323194841
130347567426245884671846882874424602083489395919471564193269611256683534925516387853
1899681533114888723278725043073370108205858898477707043442676390700788749305287621
693707349011073322885111320601931073409283
