15394459182625327498115811697668444362700091863070951377200644531992722116422873604946937916942541469194249
15999501050257118051676123371449538416461217161483547423309808372229590692338686338203040360704137877976159700206899093241602583297
8110509872760187333177684223657027598590184090053875558596254013308073210131518961339
14769044473849527919659628218353188026480200895476773789672873788466103017797244044470512966467426968262051166413824621
103358470166545122058713918799356095037087915167213619109859205340428248503485490180239750253716720966540723191520482743459
40885849483426845164680363503034538561663644723771546439195771227914251712359898029
478533368505906070751756442943173594980552891463775875390882970131147190357887874608540557918543146782048377934002785188164263
170876336927374032913543098894026406237300258928310535198609981830783563357118968352988775056189105235407159429849086438037211311313
419789119405326223477187261481225330489571023623291805063380929714896813754317253842373436596323858113645559937194725039225343284204561
48030394968386109196787433334222534700292941521449589903096813633166500681449761524155157847176130738367724736349402829308701
38522793101217905665895789168958039998293223490291101180488823681864945791716598829552711639
30125737063941447887265481569099725560722289558806220179659395490701061189391525524534299310873708174978587966668226182698273
9966750977417213362736437968028928171131813671419141250869780197948828225805173428069396096679427338648693324223692426721809245363629146111
261752583057096602914275204654512189234492133824603345067062390322212964256364177363
1787105257222263997176320250631108415903174606530674732006270465111873754938938646809170151885465700890987818648970009
4148726738385777182847755393856296887387253913546496293922502845438214022237724227350857
4134168424059147487542945824404960327917950298491855076543405482978210429650516491007898339
132162028309254923707673964043224232034007838858049705190587990139911814497445631020673333753659059145058722720868234201346447718397307
5932696213041727789774893759588034171742768935269698763564578441151313283824445002184524842552222036135160960713393707522582830877
60539789810531245295044270424502978036366931363093331682625403885815248037223428640629067777993858549609938541634221853722292493303
90776230192315948410284644776332492648614119322332336457288372920308497559049490832042613855055333517171978444864651248875811367502892489
108720252465078178140002500142173664571474994252137919939363742554439787326305047765942960381897631494420172412293139436436128605143
348956152005081359628305779451780813853552387252423981171236093894940319915089608145343887731590339557980029372197375079721152209660625061
